	chr	start	end	score
94	chr1	16478848	16778847	3779.729428241361
7	chr10	132080594	132380593	2536.320777936328
16	chr10	234435	534434	2423.516696713345
20	chr10	38758227	39058226	2360.0935180162
22	chr10	4718561	5018560	2293.8514481863417
87	chr11	54568762	54868761	2238.067482115299
9	chr10	133365183	133665182	1924.5643910004
96	chr11	71587209	71887208	1814.593921871469
83	chr11	483685	783684	1808.3519332333503
84	chr11	50387881	50687880	1754.577047771956
60	chr11	1467063	1767062	1667.5662962568174
79	chr11	42679120	42979119	1655.114573595426
80	chr11	42900916	43200915	1582.991789365646
8	chr10	132496179	132796178	1549.2291978568314
23	chr10	47936301	48236300	1530.065646264344
27	chr10	55594257	55894256	1511.526718916574
10	chr10	17954000	18253999	1496.0708615152337
24	chr10	47946808	48246807	1475.3670755796345
108	chr11	81622323	81922322	1467.9681446165596
39	chr10	9918085	10218084	1464.8516074256252
